9025
5191
8050
28656
17004
28994
23373
15669
27733
416
13867
26103
11830
20164
16557
29157
1111
27105
29966
10455
13178
28616
31659
21836
20855
32510
6339
2839
16676
21522
10107
18005
9591
45
17957
30370
4079
28139
6081
19085
28207
10345
16068
20297
31469
6304
29977
14501
13834
11505
25958
25917
10242
7936
10640
29426
29831
19398
4737
30617
105
20962
7465
12784
11961
27184
14530
18134
31022
11933
16985
24251
26567
17210
22922
14165
11186
5519
29323
32148
24941
9777
18796
985
15915
4247
6812
10339
11385
17705
17584
9
7201
10650
14176
6447
2383
4984
21458
27379
32498
20737
8732
17575
6245
13369
4
20868
17999
21561
11529
1180
23240
30922
22440
273
8381
25650
4056
21125
661
28494
17111
2513
1044
11233
9256
4602
4992
300
10205
20833
30211
30399
29202
27449
21329
8590
24506
13630
9354
26439
3230
13732
2658
3043
31394
15694
20095
15740
15946
29249
5155
4702
21630
24152
31754
11616
1418
22073
16278
31861
31081
19591
1833
17790
24899
25946
32722
30050
23092
24044
29741
25953
27983
7317
27780
2725
20707
31993
6714
17434
20220
11392
4714
14976
29997
11014
7115
1727
29069
17364
5079
4730
16640
4815
12076
26342
4792
27120
6450
24029
1275
10996
14078
26926
7974
26965
4470
25656
11506
26744
10934
9143
24310
18984
17075
14301
21613
323
20254
5285
29242
23731
10892
5220
11049
16032
16083
2208
7544
21476
11959
19750
10646
24512
17094
4439
26154
28621
7552
19395
5463
3125
31419
3065
32574
14370
32326
7836
21957
22135
21965
14266
1431
18111
12796
5978
6253
20066
23271
23636
3211
8735
25514
31078
17805
9142
16716
131
31331
10213
18666
14446
17563
22678
22801
12424
13534
1879
12907
18151
4286
1034
17310
21671
7599
19422
27761
29829
7506
9342
31793
6057
24314
30600
28499
23748
2665
576
12378
23899
2010
11654
24571
25955
10565
8709
26751
18701
30942
27822
24682
19683
20702
18277
90
21524
8327
23033
12337
18700
610
1882
28534
29768
1996
6918
7417
13673
23984
27333
25014
21127
11926
16534
17148
20935
26077
8425
8143
4400
14404
16654
7562
4282
5552
16878
18377
8872
26665
761
26501
30232
17445
8543
21889
12249
28169
30595
19429
1404
22765
12461
31529
3758
671
17662
26165
16581
20715
29098
18887
18584
21530
353
4884
13972
4793
30990
10674
12556
17052
31940
4277
8401
4898
245
8985
3075
27833
7142
28512
4902
18853
2911
30331
17528
3070
17063
20974
14722
29944
5296
1328
13038
8552
20110
32336
9880
12163
22061
2526
29672
29160
8516
15881
12894
21473
6277
8453
20078
21221
15127
3760
26767
12642
5701
8564
10895
18106
25976
8815
1833
4235
28258
17617
6105
26932
28029
12422
3311
1941
9908
8214
25571
11286
28255
5577
22504
7914
15989
27662
16579
25493
11261
17693
21470
17835
20678
7644
31640
8923
32088
2047
14560
5677
18218
20340
17154
26760
18198
3838
22976
27255
7177
30752
32165
6956
1535
21052
662
16582
11567
29948
12458
21967
27010
16881
26428
28681
7754
24954
30270
1130
32305
18152
8655
11365
19311
16351
1040
20587
26689
4863
16692
23474
19350
29124
16855
23861
11787
16811
26513
14844
793
151
28618
21661
4749
18546
30928
19971
17977
13847
23846
17262
32746
14192
22816
11707
2970
1243
11948
17894
486
18899
15219
4813
11970
16588
13601
1078
20587
18014
0
16148
17053
10150
21452
32518
27143
12266
8899
12577
29692
14715
30459
11247
15979
17888
14840
10423
31761
24880
6782
25087
26861
21696
1188
31568
8948
27902
24618
5689
31495
22173
2316
14486
21026
22259
13911
26643
22230
25503
17212
7915
14073
23918
3683
32246
6556
29312
25474
24546
30013
27558
9005
12736
5694
26895
7408
13507
27030
21028
20379
3397
24519
31920
989
17163
31760
20292
29972
5834
25571
25306
31844
20714
665
26552
29190
28041
5477
20887
14563
18883
13190
3845
10338
13873
9921
20488
18558
4783
10255
8196
5147
22371
21651
22238
13722
12027
28366
9570
29099
1589
16406
16610
13410
13477
11844
29216
29838
8883
22958
2927
24902
4323
22357
2580
3524
25689
23391
26354
3959
7324
26567
23143
16979
22170
21331
6001
10092
236
15558
16917
4547
9564
15959
9473
5471
27556
30051
27248
27808
14713
12895
23630
18385
5064
25872
28572
15100
9536
6398
7959
15874
3600
5670
22804
29418
24818
31215
1199
9850
29032
23647
25124
16132
22341
21903
19069
3459
19312
30556
4718
13543
16869
3936
5245
7084
25852
17697
9829
7089
21998
26759
32189
25672
22165
1172
18389
17033
16499
2639
30945
17389
27894
10241
5721
26392
29434
8356
159
20213
23952
14233
32739
11272
16382
1177
6212
20480
19207
17390
26935
8076
18284
30435
7213
22128
6578
26745
9840
20952
13094
27227
25166
21740
5151
24084
17274
31652
17283
24192
10927
20446
24460
7552
7318
13486
11212
18930
24554
7157
16495
4577
18138
14901
16065
5368
10159
11427
12016
23357
18606
17790
27410
9212
17216
29344
15209
8448
8784
29267
2022
29193
16373
19045
17133
29819
9809
13695
29016
15188
30649
31410
29630
17248
8725
25427
29941
14256
24970
17161
8661
23112
22103
17956
3647
25880
12797
31280
27486
30510
16291
17610
29485
25129
19384
15539
11578
27633
11994
6435
28841
22693
32759
11104
18299
20693
12722
5774
5905
30706
7944
14793
12779
18178
19251
113
14006
32664
22734
3269
24710
19204
31803
28852
11360
22983
27970
26863
30715
5962
7162
20035
32199
17871
11501
12582
21039
5799
119
21392
17947
4773
18799
29964
21178
26324
30473
9486
29310
26981
30203
3975
2920
27371
3295
30647
20101
10187
22489
21826
12473
28141
10105
18311
24763
19128
18147
21293
24161
21822
27949
7678
5918
26803
24072
7417
11209
25380
32163
26786
17311
15461
23500
11165
4236
2380
31321
24443
26790
16156
21190
19412
6394
19268
24351
31638
21900
21322
10784
7324
27289
12546
10908
32131
4895
32515
28187
7609
6304
18779
22215
982
8226
13954
28809
20016
18554
15501
8559
12713
32202
13988
14673
23244
9801
28342
9396
25881
3138
28523
18158
23708
10592
12891
16267
32197
14120
32381
7920
10099
10439
2786
20030
13138
29198
14755
11897
10343
16315
32536
13034
31721
1274
18762
31425
21587
555
31659
11775
695
10470
21253
8595
9813
316
17841
1731
11884
29760
13321
10702
11856
8135
32031
976
14269
5995
19376
9189
12139
14038
12115
13201
20450
26941
22006
6752
20112
2602
31115
1225
22297
17279
22015
21080
20718
3256
15212
12045
8993
12144
4239
23551
27256
29990
22908
27460
21952
25154
5776
29461
7267
8787
4008
31790
17213
2459
24464
12148
9132
20429
21439
1754
26854
26645
29761
1413
30608
6745
18420
15151
29580
16831
10487
5833
22546
21615
15712
19556
22018
6298
26669
21073
27768
10939
18046
14727
28577
14620
3329
25926
29134
6300
22957
26106
17095
5809
19891
31586
31074
11433
945
497
15188
30773
13865
20341
14150
7463
10803
17142
1324
29819
12910
3041
24786
11412
24124
27750
29367
16073
10543
31518
6943
24096
16062
10225
29540
17241
9789
2103
31117
31279
27404
11805
6689
5082
5390
3914
3134
25304
1372
16067
13285
9197
2875
32268
32408
14441
17740
27025
28199
21929
8963
17476
17863
19936
6746
9862
3428
22040
26055
5195
24376
28019
24171
15993
13213
18871
18060
29586
7967
27913
6213
915
14038
18681
11388
6940
3827
4799
19989
22992
1944
11460
3429
10239
23533
18789
26602
3971
10096
10995
6201
7143
21900
9470
8759
1487
12142
17107
28556
11667
31764
14147
4181
10542
26278
31142
29721
26967
7946
13344
12031
14829
26803
26403
7998
8600
3001
26165
1748
25774
23599
4596
28027
12115
19377
29527
24281
10981
14652
7222
22775
663
29506
28941
32500
7003
8190
16381
25595
774
6
18707
626
23214
16159
7117
13172
16471
18260
28122
14978
31695
19018
20258
14709
29399
29902
24326
8375
10371
176
26345
28595
19428
6356
32239
22922
6628
17286
6660
8712
5744
18190
12833
18134
24797
15492
21962
18673
10116
17638
24028
10842
32432
5224
6789
29712
7867
18443
8852
22587
19827
14705
10227
17578
30402
17648
30065
31103
14479
13797
31173
30761
26079
19787
976
24211
17728
5772
5155
667
3687
32406
26561
25030
27416
24882
8230
14642
32582
145
11400
22988
15484
6952
22620
3266
1147
5055
8988
7228
24357
24516
17736
21575
18329
12260
1707
4113
21664
1757
18911
10076
16456
12941
28947
20525
4814
23375
12
18628
29889
7560
8042
24017
27749
24957
25901
8421
2646
25960
1655
25383
18797
11722
22163
18504
9703
20482
14135
1465
12228
19231
24070
8731
7278
25331
4953
18679
7067
12648
20031
1711
29556
25112
20931
180
10231
19479
12141
32250
12698
24083
21259
21417
1841
4256
31664
2582
32529
21197
17918
19953
19318
9467
11169
448
5666
21999
7196
907
32583
5669
4808
31449
935
21863
19993
17116
3578
7839
3108
17641
14224
26090
28766
22315
31799
31981
30375
29591
25951
8556
6023
23330
28796
23064
439
31026
13484
5545
3299
6995
2970
16429
18862
20780
16802
17056
21239
2225
4406
8380
17498
15002
28032
10514
31226
15123
24648
27482
32126
693
32537
26888
17498
949
15263
13344
9040
24411
4948
28746
6966
4022
25180
27177
25337
22927
23980
14569
21218
6811
30834
7703
5400
18420
14513
6070
16231
12490
16172
22671
14911
22870
1670
6856
6400
528
7591
184
18292
12066
24930
30714
12445
17436
31060
21184
17074
2025
7183
2922
29796
9474
24184
26200
12133
31201
4717
26108
17451
19897
30891
17715
19186
15716
18927
27605
5632
29853
23388
4490
6444
1903
25117
736
27297
32749
6731
15515
16608
29732
21777
20813
4612
14414
12814
19750
14410
329
2042
3084
16336
2887
16525
13806
16797
6342
11164
21846
28642
24003
3462
15422
14207
11050
27854
11045
6857
28306
25353
28258
10635
23079
29947
26039
14923
18663
13821
10793
18638
13074
15009
17935
7646
18139
7833
13162
9290
31076
8661
5236
3887
9193
8428
23164
13686
316
27837
20208
18078
8049
17750
12988
15547
6618
31765
26578
12223
12086
268
22794
28153
2085
24490
5165
32219
16863
28312
19020
27904
4390
14050
10839
4206
4473
22103
18923
6680
5259
24882
4202
10151
1523
1786
22609
11897
14117
32422
15046
26858
10145
32261
14705
10451
7530
16477
14989
13137
8634
24659
2879
2504
13812
2314
23590
17447
21722
17039
27699
24685
5120
23925
21947
11116
31104
16828
12746
9932
23024
9464
1467
4180
21137
27566
12037
28261
13257
14850
16728
17863
28628
30607
2793
23721
25014
19095
13066
12002
116
20060
9981
30589
21123
2253
18698
29557
13697
25445
5583
16829
20003
11089
13272
1155
13423
23761
8559
10166
12331
15840
29877
28870
6549
3095
25074
15275
12884
16847
31786
2344
2735
13958
25585
16977
18173
7812
22655
21835
22876
11709
24327
3923
934
25082
29765
22529
13729
14388
31831
12750
7030
20800
25805
9173
28773
18866
11523
28886
27062
18683
18607
16256
19955
3028
4278
6128
3156
28128
13892
23157
26747
13964
27675
5014
3681
11579
14891
20822
8849
14496
12131
23990
8852
3434
26056
636
10668
12327
3268
14899
28101
20066
28096
29299
2216
13071
7925
17250
24946
23082
22654
16507
19012
26522
8114
18062
9789
1371
15538
27400
11173
27868
11838
28789
5739
8102
4045
25667
24274
4927
9692
18889
18535
21582
1158
30344
23862
25855
1109
944
10557
23209
31064
30950
18977
32431
24693
5188
10016
30372
30465
21409
25927
14258
28814
8979
27621
18748
16132
21683
3391
6850
8436
17824
10117
28933
27176
21575
20997
11884
14975
3041
27295
31399
5880
10556
6009
3474
6412
23743
4340
8540
10305
28073
18398
20456
29180
8857
15337
24435
5014
4947
5723
17016
10931
18369
23816
20176
16335
18488
20861
28702
16154
765
20607
22890
29574
11016
17844
31244
14366
29703
1951
14796
21401
20390
12242
16455
12847
4110
17246
19349
29099
5035
16271
23080
29634
24115
24278
11255
27299
17124
10759
24284
5071
1037
10692
10811
5419
3023
19513
32229
12371
8741
21259
2108
16434
17442
23946
26519
13520
122
25390
2792
362
32068
12865
1436
12488
2814
18137
23234
5067
26834
3593
880
15942
7703
26968
13410
17934
3355
1650
9957
30805
8992
24350
26867
31027
18852
30064
30880
390
31974
8256
11957
12028
11173
31707
15514
6766
17451
21239
16761
10352
4746
5101
15008
18470
21542
9762
21287
5209
9331
13254
22227
2761
9984
15298
19515
19909
4789
32747
31273
9210
601
9084
23619
10889
11862
3523
19179
27996
29633
25882
23139
22969
19605
13849
13621
16151
7487
6922
30162
21041
31584
30621
17273
26202
20942
7390
13914
20752
1500
26979
18172
11219
475
14794
19676
26680
18656
15715
20567
27193
30664
809
13257
7375
22394
21239
30711
13507
25708
9976
8106
5568
28521
22880
30365
3502
15249
23129
16281
23099
15777
576
3551
11450
24692
21522
19910
8241
29386
17441
16549
21933
8777
22284
28659
10969
10177
11501
23469
16079
2228
19668
26616
14638
4630
17525
19976
1901
28753
28701
5184
1135
2188
32491
20891
15959
30509
1852
16458
20125
22428
16231
25503
30818
14666
11947
17705
256
26099
27237
3361
30438
23840
13190
31236
23203
10479
2117
31618
24128
28694
32273
29847
11987
26918
30666
26872
31825
4877
3120
6576
13220
22239
12444
21771
7933
30422
31726
32179
24684
28311
5574
3353
31406
10422
9719
5398
23622
11645
22584
1235
8399
12009
18461
13542
31888
5622
26950
32445
1617
29980
16343
25408
21357
1050
32039
1202
6697
2290
21693
30680
20036
21045
7544
12382
27599
9856
4877
3190
25663
19783
19383
17346
25025
5329
13865
15732
21709
31108
13256
4532
32766
21091
8983
14914
30241
9941
28274
13916
16012
4520
29440
9698
5041
21845
21475
8120
28658
1414
3505
18284
23735
27093
24104
26136
14270
32215
21533
2698
25267
12889
7094
29859
4353
21481
23257
20477
10215
15001
12772
464
25806
9983
13471
3607
15834
28800
28527
22510
12479
26831
19660
16703
29654
6320
28404
28061
15728
14850
20961
11376
5482
4860
18809
20051
25857
5815
12294
27066
14568
28396
22757
21208
27032
21248
7042
19136
7656
20541
2692
10698
23517
26467
11076
2360
7107
9055
16772
12313
4476
3418
862
18286
8217
8693
18810
6540
11175
11219
3972
24769
15691
10073
22749
26938
11666
5041
19857
2596
18690
21781
9098
14866
8949
3146
10243
17055
2727
1898
32063
22356
22157
12263
24698
5068
31208
6605
3104
9493
6299
6215
2621
8794
3385
31589
2868
22719
5475
23324
5301
3725
6225
5007
7401
399
15278
22156
26095
9404
15017
30298
11660
24853
13129
19890
1310
24017
24064
26891
26066
5048
25476
21787
21783
12237
17626
13978
11603
2351
2483
3913
24276
11841
10492
21555
15625
19721
24497
14642
11250
31446
27122
21942
16853
7974
21080
1730
12595
1478
19337
12855
3834
23611
18442
20309
18684
7777
17493
22655
24736
13906
30508
2622
15831
21385
23596
5001
11858
15688
19621
6980
25843
9270
6825
16134
3457
14157
25187
28447
18591
32755
1450
19418
9215
18791
1494
26623
25299
5983
12243
5276
10884
28656
20084
6661
26535
31917
22281
538
32557
18195
17459
22472
8153
5157
4855
32723
18424
9043
5650
3794
21324
21664
5004
16507
9545
31236
24720
29728
17284
22543
28539
21114
29800
6608
1075
166
13866
15349
698
1133
8704
13107
3075
15816
3982
20969
23812
6563
3233
12544
9228
25058
32032
8213
16471
20130
30528
24794
8160
15553
12278
12729
12150
11680
2994
27579
4370
29735
10058
14249
3176
13066
27956
7793
28092
4171
2809
30922
18167
16897
23270
539
18170
22615
5637
4761
6962
26839
25164
17584
3948
32489
4371
2469
24555
30102
8652
29049
29112
7826
23790
10768
25914
23162
6962
31123
14086
1626
3330
14354
25336
25202
5678
3182
15747
22074
4578
28790
30533
13731
4821
16464
32479
27552
29634
22811
13571
11749
19484
2770
9935
7662
7422
24947
16985
31556
19041
2401
14731
19196
13457
21255
1841
6272
1506
6591
19024
13202
2206
4594
27577
3981
6467
17024
16863
10222
2283
11618
9958
3604
1036
27534
13564
1092
20833
16410
7404
18928
32040
26277
19184
32057
17550
8435
19911
13746
21864
18391
13320
15463
13859
25430
21430
1310
27134
3593
12308
19676
9590
10179
29115
427
9986
7028
9449
22427
2049
15437
12828
12039
6641
32293
17632
12313
9185
3356
5349
16272
5161
2174
17748
12481
31320
25834
20067
22748
23918
14771
9512
26481
16972
32134
5546
10291
30312
30285
830
4603
29381
24660
785
18192
27427
4266
1281
27301
23923
5835
32433
28579
13709
8571
19676
17577
22821
10997
16105
337
12283
12357
192
30902
31827
30707
22237
21811
6053
11233
24738
8557
26517
19062
21746
25235
7973
13052
27899
10212
8234
20807
29011
13170
4349
11416
7495
8230
31346
24001
19568
10501
526
12425
9863
30129
5236
29777
15737
4147
5153
16376
20926
26615
24665
11517
12519
1560
18529
19939
25207
22239
16111
25562
5876
11398
25055
6043
3390
24385
10791
14740
25119
11903
22541
19781
32290
18284
28568
25578
5545
5307
22852
2650
28474
15268
31481
20015
25626
27176
23870
7719
20253
23196
12459
2506
23996
12389
18332
9293
30568
4609
22573
3767
12062
9287
6754
27970
29500
19183
5797
19460
28563
21076
14454
14030
21949
26233
31070
2133
32688
31562
14372
13455
8340
2597
4164
4704
30674
18585
17821
26742
14958
15470
6250
16754
9878
20709
5491
19272
30075
20800
13957
17896
8031
27781
26399
17694
9711
9856
16750
18870
22740
23047
6011
30181
18565
12418
7332
24804
23391
12970
17225
19934
14583
22160
8903
18956
32687
12001
31146
30239
30855
8041
8222
32478
15670
15063
32423
2320
1146
11712
23826
5276
2220
23270
7596
6895
15511
3257
14513
27806
17034
24606
3079
4684
22956
19568
21292
13519
13712
27844
23406
20622
29705
28274
18522
14381
9536
18641
31862
10861
6659
8769
31283
32589
27744
1647
20765
12406
30323
20948
27477
16597
11132
30335
20289
18314
1844
32277
10626
8705
1890
27926
13094
4446
25513
27489
18463
18207
30628
22011
16884
9468
4917
7692
27319
13330
9497
6442
7223
5953
29632
9946
24438
31955
22620
20308
8286
21342
12345
16263
18863
17899
30796
18013
23868
17239
18190
14144
23639
5370
6283
21981
5258
18567
8373
12072
9352
28979
6143
928
19810
1050
13863
9940
25598
21470
20307
30758
30406
28561
18272
22735
31645
26837
20343
17187
6679
17729
8673
26390
26089
7943
12316
28672
7582
14548
30510
22429
16780
2296
28217
27224
5895
32711
17232
24777
27604
3391
23177
12924
11744
10731
17235
1524
11058
26374
6154
25071
3615
18916
31689
1004
27069
30350
10880
32747
27290
28077
20294
3444
32685
25001
5360
9690
3980
26385
9442
22465
3552
1086
2085
29662
1302
25651
7866
30462
26712
12488
8494
21834
16828
22536
24687
2761
4283
16599
14302
5414
27876
13016
26021
15028
16593
30093
15691
17071
12635
27328
26758
709
1290
10274
10832
26068
8143
21555
22588
20470
26358
19041
32267
955
8534
19060
24442
27829
10187
14121
19551
29498
31206
10269
31476
15717
2786
21229
23667
350
23258
3996
8163
19675
12346
31797
22321
26087
1396
945
29314
10467
32500
19482
1480
1994
32085
20465
3219
3769
8149
9934
8235
4526
19206
16710
21467
26511
1991
7185
11151
22127
20083
11884
24738
5390
4696
6077
26865
1438
8555
20598
29748
3533
11321
25147
21390
12287
2593
27463
32610
18907
3521
28940
12137
7178
32174
17945
14593
32571
1384
1857
10184
27243
12941
29690
17514
11875
21068
9731
32183
2690
17181
27722
26617
32444
3759
19724
18052
32483
24610
29502
21390
27429
10871
2860
14913
29143
4933
21088
30479
15985
30125
24261
4678
6617
4495
24844
26852
24548
15102
26191
30636
28186
7666
23796
23673
28601
27197
24789
467
11005
31681
4765
10432
13215
21215
32373
17628
9883
28979
21985
24236
21303
28286
228
28720
30017
23011
19051
28599
25752
15191
11241
31991
24046
18771
31806
25693
18635
9931
1501
27810
7893
15716
18478
8863
22608
2018
26673
5986
481
24799
5221
17537
24471
10691
24552
2734
16683
24048
22751
32396
27527
26173
24088
30658
15238
16550
30702
5709
26107
20546
14445
12826
30964
26997
26295
26836
576
28262
31142
15867
32558
4019
9651
310
31128
1380
535
28394
30240
21534
2352
16139
6074
29337
30757
5682
7275
25428
20941
3312
5968
5768
2253
16739
3041
10330
5377
9990
20087
20308
30750
2253
19980
3862
30101
29042
11074
841
442
28169
16551
22229
11301
24283
56
15188
2392
19057
18980
29894
24483
26351
8402
19846
6981
19876
24100
1661
19924
3294
19966
6037
15583
3075
20994
21616
17361
30173
29342
18779
3352
7478
329
25725
26247
4005
12297
16212
13561
19111
16953
7267
19256
18161
14985
27940
10269
19973
10822
29764
24568
19972
1500
22543
13617
8131
8857
14634
9264
29472
16819
8576
26235
21911
19597
24446
12574
1808
9782
8579
12880
4347
13874
26002
4691
21407
4222
4427
31644
32175
24270
17945
28212
8735
28441
17836
25182
24629
2903
31402
32378
20963
32394
31137
25641
13396
27387
3649
22706
32453
21958
10440
19621
23446
2968
16317
1726
14241
17080
31201
30219
23498
7748
13411
28497
17623
30398
14675
22957
11651
3015
14937
3703
32461
809
25511
28779
6806
22811
6956
32267
13419
9665
16394
25407
11424
23539
32331
20031
8606
25919
2767
2994
11133
16177
23433
11800
30166
32209
12268
17509
11218
22382
32159
25582
27271
7578
5496
2441
11653
18294
5288
5616
27051
28976
30259
26983
19008
29897
22692
25247
17471
28
19454
17625
29681
19484
15349
18766
30913
22877
19038
24527
17229
21974
11749
25257
2489
4069
26878
16843
22088
6803
27934
26923
25645
1818
32298
26213
16030
22436
27184
4517
22059
3926
26965
15816
78
909
14862
13246
5443
21095
19859
32051
8217
8838
6289
17006
21770
4112
23583
16249
16904
27386
31476
5250
28056
10887
11991
30081
22499
14859
12886
32027
4618
757
12987
9926
24507
22540
7740
13359
5890
9721
8818
473
12897
3334
28429
3846
18722
18469
4293
15578
25068
1332
30868
2238
21397
4735
802
17923
10295
1415
5249
6855
13958
16130
7194
17437
25952
28706
5351
25960
19878
1306
21987
26376
11851
6367
18111
10297
26282
22059
19671
2103
27421
27080
1124
2727
26571
27147
6643
6962
1473
22431
22550
13427
1605
7043
15705
28179
10342
9814
11895
13874
3288
5331
6350
14857
3071
32152
6417
16846
12874
19499
31293
984
22210
19774
8398
13060
32739
20530
13874
19543
2730
475
10366
26597
18415
25731
21088
4337
1013
2353
24404
26965
11328
28203
16411
7205
1958
9913
17258
25487
13481
12332
9951
9733
25092
6175
13368
28319
30084
22525
16071
17594
5401
2499
5409
9958
17965
23047
15127
11519
5940
23354
32743
5529
1925
7722
17587
17057
8552
13258
1841
26946
31344
31798
1189
30982
3595
26354
2316
32318
9815
2162
16026
931
18231
10464
4455
14141
20391
12313
31590
22148
17740
4857
19606
9670
32335
9688
17276
30408
7532
30804
2512
688
5190
7761
26999
6946
8190
2623
19889
30378
29699
23708
25748
7258
1836
19641
29881
12980
14084
3776
15157
13770
13669
23286
26058
22691
29768
31294
32095
5601
987
31711
21678
13217
5844
30854
20285
16035
8453
1679
5263
16555
17457
17280
923
13862
32543
5846
31357
1809
21228
4613
18028
1815
21157
4538
20460
16633
20758
1123
22340
4403
8412
31217
21811
21469
6850
24796
21471
10703
24138
5224
21518
6408
137
8232
4760
3153
7480
23744
16925
30237
32265
18926
3315
6836
19511
18892
29538
17808
97
8527
23060
28167
1176
25108
23751
3883
15543
8540
14661
14063
26866
8277
26262
4235
5810
18843
11380
28193
5025
10238
20223
5536
5888
14982
8882
21737
5441
18868
7318
8496
29138
8715
12981
17829
823
22479
8402
25940
7515
30733
25943
21578
5672
19163
2703
3066
30805
2785
4117
16095
22655
13848
2189
20322
124
23506
16273
11773
25836
3067
31726
25249
6416
19358
12817
17749
13536
12970
15036
10785
24919
5879
25086
1066
32530
26756
25185
17438
6937
8963
8293
30162
9725
30871
14893
24874
8483
6620
16249
12858
13919
16168
9684
27818
28100
22288
19727
11871
30139
32302
10221
1367
12627
9250
23840
23765
216
471
29812
17855
30887
17672
25675
7748
31296
5378
4937
23745
25501
21675
8784
486
18627
17859
4783
30229
27542
29034
7318
22026
26097
31202
18894
29377
14838
14743
10406
2196
15523
21340
11057
29093
3750
6136
1710
22395
6003
25825
10056
10224
13971
24647
3072
20810
7999
13908
7911
2472
4653
15283
23952
9632
27050
6479
26053
16934
11241
25949
14969
17839
6043
19868
21758
31895
24255
14043
22136
21696
956
30141
28050
31869
3245
1209
17519
26798
252
23396
2788
1580
25906
19187
28900
6759
10509
1019
9531
5965
15316
10620
11391
26222
15079
5406
9284
28510
28314
12474
18064
23899
2371
2332
16783
26672
23698
32264
14215
9305
31009
13178
31501
7784
27724
10290
23418
17832
4163
5488
5529
27135
8797
31741
15522
20761
5040
618
12140
9922
18398
2204
28126
19604
13873
5257
25255
19667
8427
31804
29998
29845
22231
28959
30668
22822
13092
20601
17978
19626
20339
23862
10309
1540
7215
18151
19657
32759
21277
8713
28892
21387
30772
13706
1866
4531
23726
16777
29762
24620
22623
9054
12622
23976
11590
31450
28040
4396
18786
13519
32268
26807
23238
7891
12969
2852
27120
26690
25308
337
28247
13442
18174
31361
4419
8843
29116
12287
4833
28070
32200
11269
1431
2932
17358
30683
21397
27443
11434
30019
17069
14909
29656
26389
27236
20945
28203
27943
20553
12822
10434
30575
7813
11869
29753
29804
10420
11943
12316
16065
13043
10855
27297
3620
12090
16521
10390
28534
25837
4274
27032
2099
13997
14794
15494
10509
31348
8632
30773
29652
6113
27244
27749
6297
24784
14371
7924
28179
22574
11494
26962
26946
23308
15700
2613
14417
24561
17058
32654
1217
16501
28128
15547
8388
16651
126
4350
9191
19231
28174
21038
15092
3425
19275
8108
12055
30304
11867
20889
26687
15706
25681
26694
28359
27986
8182
4076
12374
9828
1481
3230
3076
2390
14660
8827
27070
367
20321
20008
24811
24716
19037
24958
12879
368
700
22655
6448
25692
8589
31375
14264
31199
4079
7137
8859
4080
32724
4911
20474
5434
29189
14254
28038
9911
23911
31553
25064
7040
23420
29932
32097
740
32300
28556
7597
18615
12998
20678
18734
29676
22082
27710
1350
13159
24265
5897
27653
11532
15991
3940
17668
17180
25439
3238
9616
17345
30927
2931
23563
14055
19926
10803
10896
15950
1284
10690
5334
15325
29041
26217
17751
12858
17664
23822
19889
5015
29669
4263
17996
29391
29029
25589
4413
19121
10717
15214
17514
20379
24070
31611
32495
32588
17271
14051
11713
25331
3692
8583
913
14219
18629
6993
10228
28779
6738
26471
25024
18457
26189
25508
16569
21344
25128
21576
2669
19106
2442
6126
28252
32111
5012
22463
17756
9301
19816
2022
24636
1274
32236
19523
10664
7273
14027
5476
8012
17322
14013
2481
26173
661
16649
3814
32404
1255
3656
1991
23132
26006
14955
6671
23470
17506
21503
4265
32282
22957
28848
11810
12105
31884
27404
863
6881
20254
11658
7819
28073
1309
11979
9812
21486
30898
799
13655
14117
398
10059
2520
32465
16950
26762
23991
22695
24478
3537
31391
19440
22266
9815
24193
7216
26065
8533
1089
16133
14419
4874
9391
26961
20972
19203
952
30619
25625
8089
7646
13747
1915
4795
18917
18837
2858
13294
8911
17808
20043
25489
19979
9640
22501
23398
29162
15416
8432
8270
28754
20956
17583
16724
14774
31885
2880
2029
19525
29198
626
32126
13154
22920
6358
27167
6997
24689
28441
12447
19776
5809
21392
11208
10068
22024
7189
28900
25924
14506
21010
7040
19706
25389
25819
1647
5002
9637
22081
5650
3684
14350
5476
30679
1229
5610
31688
31488
13712
15658
8363
26278
25840
21586
30358
28925
1762
31705
26419
15321
22905
20174
24926
31345
930
22210
3454
9315
3089
30433
7190
23033
15483
4706
25239
23979
17670
29218
14969
18149
13310
11659
22153
21002
5577
6843
645
29112
20765
2530
230
1358
4976
20460
31485
22699
25008
25697
14145
20793
8501
5769
2536
27691
11508
7635
13236
29186
19189
2423
8976
854
5639
21339
19291
25299
12210
6708
1668
8322
20077
18157
13527
2633
31761
8524
3862
1462
6286
6099
24268
14072
29916
16100
4318
6446
6709
19241
22115
27621
4482
2867
18357
6619
16147
9313
15816
32009
9874
5892
21947
9185
11066
19904
21165
31701
8260
15414
20946
1304
15778
20703
1222
29608
19696
15931
26145
24972
8872
24364
7243
30298
14229
15004
32402
10237
30346
27238
28793
30901
4691
26996
1875
22111
30700
3365
11793
32503
12529
11761
15193
3675
19030
17231
11736
6482
4952
30422
728
31180
18611
29347
23317
12396
22
28412
25036
32579
26580
17202
10774
8671
11996
32204
30324
18052
10475
18401
7851
11449
768
6086
2002
3334
7185
30442
25257
11773
22012
24317
9260
19063
29376
29272
27752
11552
20973
5017
20366
9526
8793
8333
13638
14477
23573
21588
16965
14039
5791
5311
34
4642
3929
12029
14181
8354
29754
18295
12258
11185
18116
248
19269
28692
27446
7953
11757
29568
14338
10172
27134
21340
6529
18495
24753
28873
7654
339
19951
7648
32113
24198
12831
12346
29413
15582
3644
7350
30779
25791
9770
118
15256
31502
15690
15147
24701
3479
332
32403
24893
16044
5956
30528
9397
21519
32512
29338
7223
11539
16537
9767
32199
25597
6217
31754
28298
7856
5244
2250
12667
21130
23082
3669
11872
32649
867
12357
25853
9906
19500
15713
8327
32691
393
12903
32603
12743
26331
23049
8944
5082
1388
11829
7178
14318
6729
24217
26417
17853
5712
8295
3426
26783
25737
11093
15620
21679
27322
2025
28445
10025
30773
4851
27846
9751
5877
23131
18653
9005
29417
14108
8697
1521
19344
18577
16547
16671
9158
13552
26051
14155
9182
21268
23896
21192
25072
8575
10604
21705
1140
11935
22856
8134
29456
22096
24804
289
2479
30883
1185
15882
467
3549
11578
26528
1580
15299
14328
14936
9321
20501
5926
3235
4430
17497
22213
4299
29447
11993
22913
28190
9660
17647
25059
30031
11877
21120
15303
29721
20448
19143
6673
27685
30272
22100
31900
12590
27753
596
12915
12899
4058
29970
19524
29453
30409
19390
4881
30321
15477
1390
22313
8952
26552
8034
11095
24717
8155
18060
24665
30279
9135
16975
21651
27464
14041
31880
27653
28389
31086
19147
17531
3079
24000
23791
31235
11216
12407
29900
4004
11138
26339
19267
20557
2461
10128
18047
15372
28232
16667
25979
21888
4850
837
1220
25489
19769
11846
24705
31582
16651
27748
30640
26231
32267
2499
13490
14669
3126
24191
32522
11751
11206
7928
6754
5846
19542
1645
30414
32362
32584
4045
22101
17958
26980
12489
27566
23154
30657
19246
22087
20112
23529
18546
8076
29905
4920
5004
7525
18185
32133
25865
24064
13120
18181
5469
210
8362
10603
26999
8408
16602
18516
3480
13347
306
11491
12900
1171
12446
9384
58
9699
11650
1991
21697
3301
12272
10838
32451
11279
1055
32006
27711
14647
18712
8454
32441
155
1971
29476
31189
26916
13762
21046
16420
3564
31116
9400
21054
4349
16765
25014
17425
2908
1051
8429
7288
15942
15420
30253
21264
27065
30070
7169
24647
27702
31960
12690
5045
4038
2519
4041
9392
10299
29579
31156
12570
26296
17948
11307
7806
1651
19575
4275
4443
14010
25157
6050
28352
26164
8733
32132
7193
21354
17400
32702
29001
1669
16358
17521
4345
6233
2304
31137
6959
27299
29854
28567
28194
13711
8650
12931
26957
3710
29940
26470
26306
19461
31719
28719
24257
27449
19963
6948
27017
23082
15500
24964
4974
19373
26540
31083
14124
30815
2837
16117
21115
28902
5985
14502
2275
25978
27518
15114
18642
1701
16988
28568
18156
25414
10472
17116
17314
26588
4158
32214
20230
25345
20506
3741
32477
13109
11664
17479
19190
477
14846
525
955
12171
7742
11691
5894
21888
9760
23814
5942
112
8215
1809
14465
2181
25906
15345
14476
10918
7502
10336
25656
18168
5003
26703
12223
26789
12028
27855
5377
31453
25507
31025
11288
20251
12188
31596
12850
22698
30872
17344
29344
16743
23949
24473
17962
15304
20652
7094
7334
13853
3476
29066
17609
21270
16325
25571
26172
19334
27991
3785
25074
7526
31212
28329
3258
11293
21987
8883
30736
13823
11726
11904
15673
17171
11814
32504
32399
28953
12094
13939
4889
16587
23926
1054
4190
18532
12721
2721
9851
28511
19977
6654
628
6017
4801
16572
10952
22297
32634
30790
2632
10375
13482
28814
7464
13051
10571
16117
29783
4223
26832
29807
780
13624
27997
24290
27298
23528
27191
31184
14501
7096
6778
21046
19245
2869
26634
25012
20330
5272
32459
9453
3713
24394
8213
28977
31894
29351
19042
19802
15914
30211
2378
20979
6056
12778
434
21664
31546
13996
3648
25273
10465
19481
18
20281
5317
3722
22447
22487
1994
23841
2621
9586
11875
32081
9973
11186
2475
6048
28885
11245
30386
29099
16532
24391
16404
2411
17115
3102
28113
30136
26290
2725
18264
12299
4153
31950
15333
11144
25496
15726
9485
23868
15416
19100
6040
6563
9268
12121
13966
27501
24586
12407
15508
18305
25239
16563
12153
16963
15682
37
29197
10770
24695
19162
10290
11029
16471
6847
8501
24632
12717
16576
15454
30065
4900
14642
31685
16200
5816
8046
14696
27542
16235
1215
12923
12173
26425
11903
23807
5880
24909
32636
15254
22724
3189
4257
9110
21696
27092
15570
10588
7841
3031
9239
9955
14921
29034
27133
4245
27977
8555
13113
3168
18852
6750
9871
32525
21974
27235
29938
973
30228
870
11501
533
31446
8086
23873
21932
30867
18968
19152
15619
19659
24572
15801
452
29771
7536
10693
4013
5805
2867
13826
28063
27422
24653
26541
19698
23140
11262
29781
8972
543
23540
32574
306
32078
29376
17924
7837
5654
651
128
18641
17599
16389
30703
11818
8192
16799
6481
14008
8828
16122
1808
24397
27020
25759
28130
19155
20799
4080
8432
32227
4511
1887
16696
30868
16694
733
29744
8849
24785
6293
28076
15727
21636
25051
20737
20797
28142
27743
11627
18268
27582
19367
6572
10129
4726
24252
13046
11096
17008
7715
779
7035
12062
1550
4515
11236
7061
28884
9486
18863
16461
30111
30234
3972
15906
8036
23351
21540
17055
4121
11993
1857
16764
25634
29982
20627
26469
27148
1201
9512
10750
637
14062
18172
6435
15467
25415
25289
21876
397
10726
16416
20497
26383
20883
14265
14242
30346
15577
25608
13979
819
14948
16400
26302
24403
13486
10364
7649
1527
1243
29420
30705
3304
27873
3981
16951
29405
31979
26860
11226
7664
26624
30220
24485
7759
3039
12982
27403
2356
12334
29200
5736
23
16596
16241
4746
14370
1956
16756
8048
5605
10555
21323
4177
12619
26923
18518
20705
21964
31065
3572
20431
21221
22691
8090
29330
12485
1222
290
30309
7498
895
13157
25232
9515
1777
22283
28650
3447
12615
29090
2460
24894
15258
2286
19239
1933
1045
2176
8105
30112
18263
9610
26204
20820
2328
13554
16479
6107
28688
10149
27577
7347
6420
8494
20379
29913
9603
23687
7653
8762
2272
21295
11756
4970
22976
23164
29818
19352
10727
11059
15639
18114
10670
1878
2183
28197
6824
29245
13460
12536
21892
12008
20750
5465
26421
30868
17935
21896
2385
10636
12163
23891
31159
17474
4584
15313
30069
4766
19539
23891
23273
20374
27572
8600
14118
3839
17242
8768
17048
22435
28346
15747
4332
9107
8300
14627
30762
15039
25206
4511
29476
7107
11213
18858
788
26372
28441
19931
21633
32764
1721
16550
11106
22738
8711
17035
23174
7214
6109
2701
18995
10571
16984
25318
21006
5710
18395
24057
27194
11478
30039
22408
30660
5332
3530
5671
14399
8605
13062
8433
4267
30013
19380
7545
17308
28174
2712
18948
21144
4746
31511
26613
3776
28510
14070
10888
7346
7103
10596
32195
28591
22529
827
14762
32761
31334
17539
5555
16511
7732
32568
28793
6076
18698
14156
16308
24541
31347
1008
15465
12834
22972
22032
8030
390
30211
2076
465
18594
19601
6926
13929
20175
2410
17577
11885
18571
13857
13054
16180
22302
19185
10549
23517
11133
22026
22922
5952
20590
11561
8342
547
24557
23915
1488
14770
10190
19811
9555
14889
421
17770
26338
18900
25059
21046
9769
4153
25153
13743
12357
11668
19298
23037
14983
26243
25011
31462
13941
14339
31127
31063
10002
26523
5825
3392
23392
25559
6880
18853
12834
2296
18306
9971
19174
7658
5938
1936
18499
7542
12772
27317
1888
8121
148
16768
28853
30677
9257
6725
17942
23014
21407
5670
4589
7480
25957
23779
7111
28343
2052
755
1554
1958
28162
5587
31012
15508
28934
17054
32640
30860
28732
19166
30549
30861
28155
15265
15688
23353
12454
6864
29811
22737
27344
32445
4014
14177
11939
17403
13
20280
12418
21874
11434
13211
7405
15026
6052
21435
1445
24712
21607
10212
10769
20431
13102
16118
7905
18057
17863
16409
6385
26415
8598
13485
24432
29253
733
11904
10561
15920
13627
7748
27041
24908
25970
28224
20491
16954
16493
13637
32600
631
897
5604
16427
30515
25075
7646
12940
9312
25530
14812
17107
28169
8583
4448
26056
29669
515
24316
24584
19244
23639
6338
7339
2729
9202
31995
22307
23825
390
22300
7271
3475
32084
4341
26450
17072
7850
25644
23621
23373
9386
16362
26644
8710
15436
14036
17952
19142
22439
2365
12736
28308
2668
8089
18150
31152
4019
2357
22015
16351
23802
21286
12058
11011
26218
19328
10317
14318
30813
1224
25428
13688
18974
11691
5756
31183
11759
4335
23744
527
593
20907
20785
12307
18559
14259
31131
6794
1084
8279
17509
9037
18638
26445
7609
18416
5963
23531
24549
24726
29203
5785
8961
16650
18846
17031
12242
28684
9848
12187
6639
26857
13449
16558
17698
6991
5018
2551
23057
7518
4373
13255
28190
17410
12044
30071
25227
5505
7293
15519
16098
19024
725
21641
2708
20523
19634
8678
27104
868
18925
18111
502
4732
21720
17070
26717
16368
23748
25421
8594
30293
31175
6383
29426
25255
28092
910
3033
2271
13962
19461
18956
1731
5546
7551
7508
30978
12515
21296
20076
13952
12376
11843
11549
21999
32197
10259
27048
12703
2310
13469
7524
23959
13785
2358
18088
17380
22244
15225
15339
23345
23034
19588
23082
11160
2458
29796
29323
5560
1976
16845
15167
4104
26048
25102
18348
20074
32217
9541
19404
2052
29031
4815
11984
20299
28883
8707
12554
12384
12430
27424
10505
2464
12115
25731
7174
21111
12717
30
13695
17524
5818
15653
25121
6819
27182
522
4587
23319
22426
21164
26001
24262
25327
14028
19230
2970
2622
25792
19934
29892
13505
1131
7547
21844
4895
7788
4198
6406
21740
2966
9592
26463
22383
30880
18650
25849
12713
21022
24610
7964
16786
11440
25022
21901
7846
32122
31638
5803
5536
14036
3309
25015
4486
7490
30600
17268
5605
26790
3091
8432
11870
1460
5568
9377
30561
2983
18737
435
9273
14898
6808
417
9801
5050
16157
4099
22933
26562
23936
14503
23172
24999
12799
19426
26852
28557
10618
7464
31790
5529
14293
4059
27915
353
28062
26209
22552
29088
4335
1913
7654
17967
15766
11727
9286
19504
20596
13774
15555
6796
8739
32181
21615
4769
21724
3053
20707
22836
14743
28570
16001
23469
4211
3952
13308
13699
10329
23239
3867
2549
8668
4338
28345
9723
22884
4813
3601
32380
15500
29334
25912
24257
3784
13822
13035
23338
24907
32383
21387
23583
16936
3055
2406
21834
26295
19798
6712
32003
21818
29693
26098
6156
20928
15559
23225
11647
4682
25540
27186
14084
32301
30212
25597
8519
31927
30121
22911
12458
5909
1088
28389
7735
29044
1874
15717
216
24423
31541
10951
22218
6025
26664
23077
17231
19043
11680
6639
21667
8336
6108
29489
26162
25630
29631
15897
29448
22840
5343
24500
27785
2562
474
5368
26978
2501
15081
28423
16575
29516
20151
25778
26047
9870
12659
7484
5924
2445
2595
22625
14160
20605
27196
6039
24685
4393
9072
27796
2283
9619
12232
4368
19503
8666
24562
11212
11145
24929
17372
26323
23399
28462
386
15104
28873
19856
3588
5312
757
24837
31995
13849
5484
602
23053
31212
24092
31764
16575
23671
15319
30479
9867
27933
28932
6757
2867
3434
30357
25233
852
8530
31545
29653
20798
5305
25298
27609
3
23097
23081
30356
13518
18207
21216
10863
10870
28854
31657
28584
2899
28361
2230
30453
7505
10083
24689
875
29762
2009
108
2973
7801
20234
11931
30216
32660
19686
19137
29871
19865
15149
21544
17410
25669
4985
30613
20740
25248
1663
14715
2733
18133
30866
4207
25229
31809
10089
988
16563
4042
23841
8952
28365
32370
21637
26614
16017
21035
12942
23422
28507
238
14630
3162
5911
16903
5937
12146
4705
19891
31182
31738
16363
15084
17114
6122
2847
28548
2231
10414
2566
22129
17227
23583
12905
20584
19019
32179
27190
4781
2233
27632
30500
26665
2475
551
4506
2237
16975
19038
7886
31446
15660
2958
22058
13121
2730
2063
22003
26433
6869
80
27436
17631
25694
19915
4280
1410
31970
10808
27072
3775
1647
30465
15188
5490
5701
6391
10581
30478
30937
15427
14994
15665
30496
5279
26673
32636
265
28102
15441
6049
24908
8232
17389
23485
24162
15843
22531
21225
27860
3055
502
6155
22201
7064
32562
24307
31866
6194
10254
20387
4825
7432
15862
11245
562
10133
25801
29508
19200
31223
19328
30924
5026
416
18449
8115
17248
5711
27282
12740
20137
9534
19362
1081
6302
7325
6661
24273
3541
11072
11150
22819
23638
10389
5442
8754
27882
14552
3770
26177
406
394
9417
18153
7522
543
32607
6504
6494
25847
16045
24380
2791
23695
13194
11505
24359
24825
30486
29495
20443
24969
9629
24119
5465
16082
16574
16167
31185
8400
31948
13340
12755
32103
32116
544
7697
25356
17824
21893
23143
23491
24220
23673
15896
31817
31351
28634
12635
29586
5549
15947
31766
11894
23554
11655
29161
25511
21681
26101
8046
7142
6598
15485
23743
2678
7881
28315
26937
18897
19100
25777
29824
20635
26790
28322
14531
13012
13618
11932
2626
849
2321
9781
13
26989
26759
6586
6670
16124
31077
15811
2121
19072
9330
25355
30563
27040
26127
5247
1633
16341
4635
23445
18867
15719
3861
7903
32625
4760
19584
20192
22756
25374
30860
21790
32072
19927
14578
31096
10704
7353
27424
12730
4843
12552
12182
3951
27334
32715
17552
16375
12562
12928
29669
21209
12295
16399
6191
14938
19113
4605
32044
14926
74
2530
8036
14638
18768
31517
3852
10091
12600
27846
31275
28930
20955
14308
8699
11601
5104
21984
16274
296
22739
29498
7105
26404
29061
6779
24125
21048
1779
2923
22524
24205
22395
4739
19682
1164
28076
29861
157
569
13389
17163
2766
28354
2977
11134
13929
11351
17386
6344
28766
11325
8492
14187
2425
14622
19507
12947
20358
15268
21719
15690
16826
11590
10623
15339
25678
11617
10212
8665
30573
27786
11032
22384
5456
25123
15046
15420
31656
44
16315
6505
1084
22876
24997
6267
4307
28016
29211
4672
28244
4036
2270
18946
29484
7200
13663
26880
23792
28116
27009
20000
12611
19719
415
1502
9723
17996
3537
32392
21631
8310
16491
19629
15475
25774
9671
5075
22936
11458
2373
26472
20717
11200
11151
14331
31003
9412
11810
8364
16911
17422
22538
10465
16361
3671
6124
20027
23829
23141
26442
27337
30647
2270
29443
19323
28237
28250
11545
2777
24464
9147
11191
1012
8602
12481
31091
29085
13390
17625
15056
3542
13045
29238
19719
17798
2341
7971
16903
21617
28391
8600
23994
23910
28696
14603
30858
21178
784
23176
27428
17142
29314
772
26491
24013
7843
1007
25360
17745
22927
32264
30322
32614
25320
32373
22016
7030
18112
29203
18422
24678
9145
25355
15272
5833
7274
13478
26120
17236
30725
20834
1902
26002
13879
32581
16025
3801
6736
20081
3313
25981
29092
22009
28686
26691
6449
13043
13438
1561
1666
32206
26051
24068
22483
10726
32668
15193
12149
854
17542
8752
24180
16141
23937
22
8824
20773
10007
21762
31465
32112
20379
26763
22870
22099
10927
24407
12568
7639
24072
17623
10802
15613
19318
23857
31612
17746
23582
21374
12289
12484
4362
6198
23461
21428
31973
1000
779
13644
2815
4655
15029
16915
14232
18657
16749
3262
7514
8073
6628
4426
31783
31512
26522
11847
7445
4567
4861
18551
14263
19360
30933
19607
15519
29262
10463
893
10528
18034
30648
27747
18521
19528
26621
4483
1390
25833
11953
2788
13081
1985
22239
9075
27746
12356
18560
21589
29354
21469
13982
2684
11502
29735
14522
27256
11338
8544
4972
1680
22972
283
29769
15122
12587
11572
9481
9447
11688
32521
31210
26218
19187
6887
32591
11899
16449
20419
10925
13774
22588
7979
4775
9865
2636
380
29304
8719
14613
14932
31890
22806
14913
20810
16516
27136
2943
733
10273
31080
22731
15787
20447
14587
14321
32740
15997
20617
15692
10493
16361
23899
19924
5033
26464
31688
21080
3077
31959
3843
12295
30226
22938
15159
10805
14441
30771
17878
4444
16170
15245
20526
25441
11062
12633
8253
16665
414
21425
27590
23820
28507
3579
22948
18297
30015
2321
11615
15258
4139
671
20733
21032
12675
13260
12570
15650
7135
2844
7995
28875
30723
15764
11872
24050
13842
29472
15832
8565
3838
4659
9817
19720
14915
28333
15696
11571
11221
24577
8822
12442
28246
663
2980
21633
28045
10351
744
14991
17684
15624
19160
19410
26448
8320
23846
3332
12454
15868
14197
2061
15084
24906
27243
28360
1310
4037
7944
23306
17235
26745
1590
20449
27375
20360
26273
24601
20249
26829
15560
7685
24944
9662
8533
14460
27385
27287
27049
26913
20828
3765
14012
6119
15441
15423
26148
22485
12117
29452
6515
8455
27553
12993
18374
27638
11868
4154
3483
4601
7952
14892
12003
5899
603
12552
32601
16590
1255
13858
9489
7888
12955
13842
26964
26637
28179
12890
2987
20918
31822
28234
19258
17201
30887
25377
6735
2913
17671
16245
12347
31527
19032
30165
28001
2345
7485
7852
17804
25298
23296
12648
9350
3738
21196
22748
230
903
20252
26339
4393
23027
4979
11079
22276
31121
25166
12769
29945
26795
8022
11265
553
8365
25051
2320
20585
3047
2942
627
22679
4239
14125
7859
16687
19717
5205
28635
13081
26971
594
4386
28869
8725
43
10186
25466
28717
17532
27464
4843
29275
4531
30885
15116
31635
6783
29988
29731
27342
2694
17445
8482
12301
1879
21577
6196
8859
15775
18391
14742
3219
20127
31839
26792
4003
12765
13725
6980
18191
24346
28575
29518
19193
21637
7210
5772
30943
19758
20315
14520
9573
15293
8074
3028
6997
23908
15475
2750
3044
30994
408
20996
21559
7914
2017
31481
15397
31731
31366
11529
4671
5649
13102
22857
18701
1076
24921
21586
31131
30415
16635
16976
28468
9356
9321
2390
8302
28478
21881
15861
14695
21782
4581
15884
6989
539
9969
28129
29988
5588
28750
19313
22979
28999
15933
19461
30496
8488
26360
14342
21198
14410
1869
30994
12228
11865
13964
3663
352
5835
12707
6912
4012
17428
16776
17238
12511
11033
24791
19336
15399
6888
25789
11558
6565
7334
11540
5802
5049
4040
8143
2384
19841
22151
29593
2343
668
9869
3513
4968
29748
20981
30521
20231
10043
7282
11591
11145
22516
28878
20699
25109
18102
2711
31130
3277
16877
26645
12283
18527
4449
6270
21160
5078
9915
14957
27431
25271
14149
16017
13753
5449
8945
17058
24706
19252
19613
6298
17899
17485
18325
20001
9797
17329
32345
18505
9391
10513
13985
18299
2873
13388
5791
26546
6729
10051
3972
28902
26430
14825
20805
3020
3668
5273
11167
11964
15303
17581
89
22258
20540
24396
10953
25082
9308
18051
153
7014
12226
17559
20427
21186
5911
29082
32251
3530
25979
5949
11492
10970
29991
1765
2086
1957
19281
5633
8263
42
27472
13466
30455
23012
25857
21035
8344
28481
8809
1204
7933
12118
14492
9738
22898
17873
16349
23409
22013
32559
30470
15212
6116
15663
13867
1492
18287
3974
29818
8744
1775
17620
25957
22564
6399
2007
28932
30357
15370
23774
2996
23659
24334
4993
12549
6160
5023
144
1491
4344
24878
5193
26034
28538
23947
8398
24464
14046
11945
25814
26005
17847
22946
11938
13390
12403
762
11059
13579
10800
1064
13754
24453
28625
31314
15184
24260
26961
12889
1767
32064
30040
5653
2432
7239
4876
32482
29343
15006
24106
4443
11516
20075
4437
1637
4988
30290
686
1392
29279
17887
20132
29689
10427
12580
9486
24147
32297
23459
27767
23976
190
20078
12216
7995
32573
22924
2509
28911
29578
9375
993
30477
29026
12996
6571
28482
27978
23995
22525
9447
28613
3144
18842
31365
2250
10200
9801
11417
6005
5480
30759
12692
14845
13731
11073
23334
31206
12362
15202
7356
2168
3801
29738
6984
8047
27240
30560
27200
23028
12495
32137
6633
6604
17677
1210
31445
19664
32491
25002
15018
9885
19932
26379
15910
8844
808
5915
23648
25061
1865
4982
24401
14927
32405
16174
28050
2187
8478
18205
16743
7010
18903
1146
20733
19164
248
28075
19440
4019
1443
2394
4624
12039
6855
6091
1893
20051
6981
26221
26993
928
6481
431
2484
13817
3355
14612
4470
25118
22191
10634
12992
6013
5914
16888
27308
16733
9423
30230
14558
4189
8009
4993
28755
6173
26097
27919
1370
30011
30273
20575
31967
3969
29994
31157
24815
19548
26547
31237
24185
17808
24292
17230
28754
22571
6882
20266
15228
8119
26971
5026
168
12724
17188
14918
18169
11590
27937
19838
9227
29482
8294
20507
17716
6638
32155
29489
7690
29282
20389
24105
24613
12362
24963
15634
8230
2901
27509
2360
19447
27731
23396
16376
22101
31394
31870
31698
15244
7657
16929
9152
17282
18441
14842
9414
9463
6993
26990
27083
28171
16626
6712
1447
22017
946
23124
17277
23618
740
13084
4427
22693
4503
23474
30911
24813
5646
27293
6733
10132
32112
19127
24190
14279
6081
30534
20875
12977
28689
17257
23850
29180
29939
12470
21672
13205
1329
6433
1848
12976
13502
12319
19595
21005
24044
7948
16288
15225
21215
16586
7134
6295
17218
16556
28768
18656
10808
8338
7568
14569
22678
27221
20727
16100
28495
4197
29523
8298
24112
16816
15594
9592
15053
13510
25631
23735
955
11835
6723
29952
9215
17997
19117
20511
19143
12743
20493
13015
27480
4646
5117
13863
31048
4345
19673
24012
13549
19086
19921
30727
7189
19402
7484
10912
21239
10073
17711
20779
6506
26120
4687
4234
8277
22126
13539
17331
21351
32722
30766
9652
27400
15433
1019
23796
23183
15903
23673
19387
28341
1144
5193
18932
12361
823
25814
11314
24358
543
8421
15346
6499
30520
13677
1312
713
24693
11432
7388
138
24723
26474
17789
23855
9028
178
5078
26835
19597
3966
31161
27023
30573
15076
22970
28725
1983
21599
2101
25921
21345
27751
23955
25100
26262
5444
15816
10819
26537
18467
14624
22936
24020
8298
10812
6583
24415
24905
30039
29820
27404
31121
19663
5731
28851
31178
7904
5440
19754
12416
4274
3888
15719
24797
10902
13775
3305
18301
6540
6571
852
24957
10762
18937
21851
10709
24568
7303
7394
16616
20479
12786
7268
12890
7683
2585
20883
19746
17646
15569
6975
16864
2992
10971
30329
31600
19332
15123
5880
26047
27508
30697
24252
5853
13599
8469
30960
3668
26298
1415
7189
32441
9813
14749
14173
21888
14943
32153
3925
29972
11117
26706
3527
21800
13111
10794
18655
32071
7395
31807
1420
3507
31367
4070
14633
19052
21481
4693
20061
23695
12937
6303
12608
15841
12001
2022
26303
684
25323
19915
13121
30154
26084
32042
5259
15103
13648
8965
4832
27532
12094
26557
11629
24832
461
20616
26085
8786
13295
13599
12137
10029
11117
15799
17578
25995
21547
32051
10577
23941
19630
31640
23199
5993
15323
17601
29520
18446
13313
20308
18118
3940
18202
20468
14179
1359
12366
19640
19511
2230
14009
1244
18907
1239
11630
183
21148
8413
13500
24045
20956
3508
8368
11238
14006
26140
10458
27775
16865
21756
17748
3327
27351
30201
23809
27468
8246
9288
10515
15199
26470
11200
29136
24821
8060
4148
2197
4487
27486
24319
8987
21117
1832
16096
31737
10143
3279
12809
23658
1484
27653
15986
29521
24046
6492
28787
7546
21549
14509
27538
803
30563
18107
32154
11963
3280
1556
26605
233
17424
13112
21274
9680
26441
17405
8370
28562
23465
13874
3928
14866
1552
12675
25880
15359
26633
156
5114
26894
2303
9618
3286
18822
32686
3454
13417
27394
12247
10091
11945
20082
4152
25202
29782
30564
3259
22307
26322
130
22766
8231
22066
22875
18099
9764
11669
4454
30009
25313
14772
21571
27690
24491
15803
31557
30502
29431
19032
22574
21873
328
2833
7481
4584
17747
32218
1630
5946
25441
18663
10193
21588
19446
8895
1484
1309
12720
146
22926
29540
5745
32460
10148
17430
13249
14314
2919
9397
17005
32140
23494
27909
25972
10188
3397
2313
15396
28367
30022
16173
24449
665
21127
9925
20198
21798
16109
25270
4079
19126
28288
29811
1429
17512
24502
15148
17051
14602
24820
29506
23338
20528
3922
18941
31160
13187
12959
22913
15150
2652
6821
8446
5705
21394
25005
19752
21056
4496
14406
25831
20648
31914
7747
11855
11925
12209
11523
24530
259
708
22261
29108
12404
2154
16474
9152
14298
24798
5453
2874
19126
22442
257
15636
9858
32631
10827
26724
4941
16420
22880
29974
22437
2837
10975
31454
9145
10702
29714
9329
14271
23232
15473
21237
18836
12386
28775
5558
28066
26244
12633
18970
1799
8673
26341
30679
756
19955
30055
15715
25426
3339
15810
24749
23724
28320
19037
22538
2889
24551
19819
24434
920
2725
21616
28140
16850
5698
21760
8007
15578
32542
30410
26123
8296
30760
16086
6575
29286
2732
11
13580
10138
26732
13556
22802
27526
9203
9924
26554
8076
17190
1431
19259
21846
24604
22010
15745
18549
19503
22446
9179
6984
26963
18857
21236
23328
11687
12126
20228
4001
1354
31550
23623
22892
1648
17023
29615
25595
11189
24092
28630
11979
2225
7453
1590
29121
11468
27672
24732
8391
10323
5624
27354
21174
26572
509
10428
3960
22919
4868
10302
18798
4470
3081
25596
1551
24382
7658
10730
31186
2702
621
23109
6990
10672
18565
4810
29088
18014
13777
6693
8718
17622
24934
8108
234
16689
27598
9037
10680
22256
30800
6597
25235
1752
19314
8467
20172
12032
12989
22829
13525
18728
6592
13553
23389
25420
28760
22366
16829
1657
17966
20740
14227
32736
16256
20921
6060
16425
18213
8846
10792
17673
8651
31746
29144
16663
18052
3189
26859
30171
8321
17119
28874
29736
7708
12737
31040
13996
12572
7772
8926
19142
9269
4130
24734
31639
27087
29802
23750
13148
18441
10855
9487
1787
1532
2907
25095
8155
32324
17160
7604
30713
15037
3175
23930
7225
32138
9885
4926
26874
23388
5675
10700
29932
19184
1637
12406
7718
19930
24357
27134
28019
5762
25280
17079
17389
20332
26681
29158
1742
26556
1461
19054
15746
2297
16175
32429
22017
6673
3437
23457
859
29597
20787
16207
27284
10599
1718
20069
4531
3369
19795
11550
17686
20120
6017
16230
26376
23713
5893
13375
23958
27635
14693
24675
4766
18109
18590
11306
14888
18873
1049
6319
21241
12905
17884
8238
5478
8865
2046
30129
17511
32069
24157
26604
5356
84
14483
27493
8052
16421
37
4056
4059
26609
26366
25817
1907
25490
31260
4539
25943
22154
19594
9393
26876
1095
20110
23859
25353
3494
9507
30115
26729
10165
5545
12337
15262
12221
23004
11004
24664
16512
28675
16249
3398
11455
15209
28953
28716
767
2321
12070
30774
32397
19622
28142
6796
2496
10673
23332
17702
13694
7439
12675
29666
18945
23201
28596
7123
21723
13125
30322
24796
22584
5893
20972
18814
32612
1935
12907
25839
31885
3813
22580
5996
29641
3670
30384
207
5979
31149
21194
12644
22834
21160
8345
8441
21938
30892
25663
7220
23479
8374
23057
7210
13783
2453
10744
15404
6376
16471
27158
16868
23490
2305
13485
27554
23622
16259
21821
30960
13728
17642
20717
8556
11208
19672
20012
28119
28751
7985
8088
10089
9304
8728
30239
20839
15333
16410
32356
24824
9812
32424
28004
10037
24617
22731
16473
8575
21005
12819
13279
9237
8471
30161
13909
4837
21579
13957
22918
7331
29536
24986
1928
11289
711
23377
32485
958
232
5884
23033
14217
18607
32620
9627
30983
32071
17324
19200
27052
25381
23536
20699
26471
19017
23240
14281
1912
28096
24217
30189
13190
27758
14158
21975
7404
16138
5195
15531
31317
20330
20130
7039
17288
5377
9098
4100
24453
23206
29453
30825
30928
4502
22272
32380
27661
21949
9784
24083
1229
1841
14331
27306
31912
7424
31669
6221
28812
5419
14572
3001
16468
9714
2934
30142
3228
5202
28650
15847
18132
21453
29780
16477
1940
21353
24877
8969
7983
7163
28298
1529
5259
9125
22931
4869
1584
31390
28215
12466
8606
13617
22814
23638
9444
14089
21983
28541
7790
17323
3444
21644
24351
30788
14571
28324
21152
4773
23645
14537
12791
10636
11812
24644
17499
14885
32329
24133
8774
11984
12860
21709
11981
17189
10440
13003
15149
26933
6725
25478
2214
5139
18704
3386
7308
2964
5688
8966
6811
11602
20090
19973
6539
16119
17264
29116
9700
13752
1285
20404
26388
5919
20268
3687
6846
22286
32722
10081
23126
22273
10512
159
24299
27283
5030
13627
14147
1348
17829
20811
9261
30073
24939
1286
3859
20676
28884
4904
20175
30054
28847
32408
11967
17682
12399
15176
27676
31988
23075
26205
7559
20210
13993
18833
14565
8242
542
11733
11117
4316
25752
16698
14335
12577
25368
5137
4024
1916
23738
29009
22723
19511
26671
5690
6002
32306
9581
3384
11661
13536
22437
12298
25578
21394
23414
5411
12861
504
19808
27729
14642
3556
29819
3740
8889
6738
17769
17777
23713
16294
4489
3328
24937
308
13933
21986
851
15365
24975
2559
28089
29400
15423
22703
20644
7016
5088
3615
27291
20717
21076
31223
25785
4069
23221
10553
13571
24340
7750
30572
31480
2506
32169
15099
2665
20324
19026
4312
6282
11285
31803
2916
16202
7911
28633
18579
19168
4348
16464
13131
1446
16922
4579
29710
30251
24167
24750
21721
17283
8560
10135
7244
13282
10864
29570
9226
31082
26064
14020
11875
16704
12266
28890
16177
14565
5394
32348
31743
32196
21207
9516
22385
11015
32390
12531
3040
31151
29936
13262
10564
9956
30573
16196
14935
5257
6689
10620
17655
22548
26494
12972
10700
11165
23818
7893
10028
30004
9571
6062
827
22648
13184
27357
8535
1638
9017
30829
1715
16238
778
25981
4673
15308
27412
26421
27606
28181
1380
14847
28297
21520
27512
6387
4700
18888
31999
18834
6430
4831
5089
4024
655
3621
14719
7628
3014
18281
16700
21818
15824
23440
27708
27427
20378
25316
31340
17747
24336
21934
19650
9075
17799
7942
31942
26751
2904
20970
3409
6267
16078
13454
6292
24162
12867
5619
8029
11872
25989
8635
23958
22592
7807
9788
18446
7720
29973
211
6013
9092
22095
9338
1218
18496
17082
28317
6766
17466
19467
15914
16262
5879
5638
232
24453
8085
24222
11017
21409
28928
20830
19714
29007
13929
10759
15258
25097
15348
27259
32321
10319
28593
10201
30628
30188
28366
13034
31870
14202
29451
8124
19633
31016
13421
28812
8853
2235
4919
26601
19600
30931
7702
17943
1255
26992
18588
30130
31699
14772
26095
27539
18392
1771
15299
15864
12370
7368
16773
14046
1617
15089
24537
26034
32678
21439
17479
29737
18494
10302
7473
17005
15791
25980
21001
3705
2321
9984
3009
10950
2831
664
8578
2087
20029
344
15776
5873
29613
10719
20174
17248
19901
32732
6542
4406
7474
7377
32236
6821
9355
17943
17772
30319
1423
9251
3393
18764
7465
32519
8383
1676
20853
9275
22547
9213
1563
22942
20274
17679
10972
440
2319
8502
6250
21826
21265
10640
12157
21992
31940
12744
28195
24141
14287
8250
28503
29520
13350
26968
2262
14990
19584
23116
31534
14887
22284
30431
26648
17862
28255
28313
775
15579
18097
27945
12289
32299
25418
18952
1198
13451
16439
23386
24495
24808
17473
28693
2608
17803
3872
13668
6081
5787
30699
2894
30817
5092
20435
3219
28892
28630
15633
19926
27992
10193
16925
6145
25130
12704
17697
8678
12014
8771
11181
3362
14294
12785
24236
10823
10562
16733
19095
18490
6545
17465
12264
4825
32055
13560
22482
17633
8464
30169
303
12559
7925
17185
6586
26246
140
6823
6014
29809
1124
15510
1678
4329
14657
10607
7927
10009
25524
16717
30451
4256
25071
26733
9567
32310
472
21741
26735
21395
32092
27092
9377
31373
4358
17235
20463
29056
24784
22603
7497
6386
7993
21774
31810
1143
10903
4970
16650
21203
5295
21476
2204
20831
18563
7233
11576
28334
17003
24395
24340
16495
3687
20945
13647
8341
180
4336
19238
9654
23709
32145
15722
31409
23956
28979
7217
22932
22145
12267
9421
11709
23386
15272
22522
8511
10484
27836
16475
6535
16153
29592
32040
26431
24794
10199
25889
11634
28454
18559
21958
17393
20892
4483
713
6390
24990
19084
22980
22024
2983
13048
20008
19486
6878
28451
8565
27399
25323
23270
31665
18441
15369
25950
26643
30665
1372
23023
2559
16234
8582
14984
7735
24825
8565
3880
7247
1801
4478
20129
3169
5018
7344
17564
25859
22080
31330
6365
1398
28033
23055
23496
8224
22398
16740
15396
10556
30166
4246
18976
7633
2247
8441
27539
14048
26006
12751
25992
23778
27697
5981
7930
28530
20
24645
220
13638
2153
25871
5981
2147
15219
30217
22633
4753
14636
6993
13171
11789
14637
6960
20082
15999
20431
15017
5161
5675
3728
27730
30636
15211
952
24931
4384
8797
23868
12557
30658
11993
13026
2573
32043
4774
15270
8832
11730
23533
29276
23033
15058
18413
28056
16849
12525
11761
28363
32702
8401
5759
27822
16039
7323
21203
7396
8631
11930
10380
16603
28081
11605
26020
14835
23683
4303
28837
10466
20253
11529
10522
7255
20867
30153
11332
4829
9505
12186
21007
21506
17760
12820
30276
25785
6774
8029
1025088
1006910
1020098
1013552
1026981
1005304
1030936
1006557
1004495
